25.1490008
7.246261399999998
7.657653699999997
10.729479900000001
3.8322026000000022
7.751662099999997
3.830274099999997
8.270581199999995
6.301325700000007
4.196417099999991
6.730680000000007
6.826854900000001
3.826634200000001
6.142616700000005
7.3288478000000055
7.163094500000014
6.993883900000014
18.352347100000003
9.890734100000003
4.850733300000002
12.356826100000006
4.253878600000007
4.850847899999991
30.797088299999984
7.7474598000000015
4.850879899999995
4.850146200000012
4.933005500000007
4.849164200000018
7.503545299999985
0.5850120999999717
12.886524399999985
6.215375100000017
3.8275949000000082
7.160961099999952
9.810121600000002
4.851050999999984
4.854026299999987
3.832872899999984
9.661497300000008
3.8292193999999995
16.04062269999997
0.585262900000032
4.188614400000006
9.208120800000017
0.5860647000000085
7.088830700000017
4.340394500000002
6.642550099999994
10.91716839999998
9.97704920000001
3.833598399999971
4.853885100000014
3.8357566000000247
4.85074259999999
13.63873170000005
7.747597199999973
4.175317500000006
4.252369399999964
10.22660430000002
0.5856658000000152
4.337559999999996
4.176557300000013
4.85601939999998
7.763027700000009
10.65060299999999
13.550738500000023
4.9395031000000245
3.839113999999995
4.254974500000003
7.841957200000024
10.823678299999983
4.937147999999979
12.88788390000002
9.900881000000027
4.174725500000022
16.792162200000007
7.752905499999997
20.83944770000005
11.017434200000025
0.5854514000000108
7.327559199999996
0.5861462999999958
3.82618930000001
6.2403137000000015
4.42124919999992
7.746546800000033
9.796534999999949
4.254522299999962
3.837029400000006
3.828412700000058
7.162088700000027
10.652303599999982
4.179447600000003
4.848787600000037
4.5082621000000245
15.706026299999962
4.846476499999994
8.95367740000006
10.396764200000007
