4.103947300000001
6.0312942000000005
3.369767699999999
4.405386099999999
5.243101500000002
3.8101591
4.684802600000005
3.5731050999999994
3.823219799999997
6.374415399999997
10.138339200000004
4.4093211
8.869750799999998
3.1381834000000026
5.1787001
3.3984612
5.862732200000011
13.934867699999998
4.245437199999998
2.7795057000000014
5.796329499999999
3.3812128
4.338700299999999
5.522244900000004
10.84340929999999
3.8203354000000047
6.381334599999974
3.1663563999999838
3.896759199999991
4.3060092999999995
6.801904400000012
4.052994799999993
4.672296299999999
4.071502100000004
4.2233078999999805
6.6028949999999895
4.307321300000012
3.912583600000005
4.249438700000013
4.09378719999998
4.3402499999999975
4.408403399999997
3.372805600000021
9.258347200000003
3.456308199999995
6.8639876000000015
4.250612799999999
4.844140199999998
3.789838799999984
8.110008599999958
3.1223329000000035
6.922800300000006
4.080449699999974
4.9167562999999745
2.7892989999999713
4.325881100000004
4.176059099999975
10.472558300000003
4.046208500000034
6.300601799999981
3.8223995000000173
3.4393635999999788
5.542024999999967
4.350068800000031
6.912504200000001
7.538192100000003
5.294331199999988
3.7196804999999813
3.3621961000000056
5.4148698000000195
5.275804699999981
6.812457199999983
4.400609900000006
3.1138435999999956
3.551275799999985
4.254960900000015
3.6281971999999882
3.1390189000000532
2.7079016999999794
6.670395800000051
5.4301020000000335
8.398464399999966
12.673162699999978
7.351342199999976
6.90093139999999
10.076241900000014
10.72683010000003
4.397351100000037
7.174346499999956
12.271160800000018
4.060968199999991
9.424622999999997
7.418670199999951
4.056112600000006
4.466283299999986
15.85971410000002
6.035805499999924
10.090261099999907
8.705708500000014
4.3714261999999735
