9.4306709
4.3891235
12.6913515
7.466101000000002
5.749632300000002
9.7035056
2.9296883000000022
3.613746500000005
8.825349399999993
12.047921099999996
2.5025988000000012
12.152570299999994
4.470316800000006
11.683428700000007
6.092321499999997
4.558505400000001
3.4636587999999904
2.6931636000000196
6.087088000000023
2.8447444000000246
3.956496900000019
6.086780699999991
3.878253399999977
3.309133199999991
3.798813100000018
3.630628400000006
2.431030700000008
2.347475800000012
3.443523699999986
3.952231000000012
2.672244500000005
3.7078937999999937
2.3429678999999908
3.7146873000000085
3.3559449999999913
3.957864900000004
3.707321400000012
2.760651800000005
18.406553700000018
2.7666973000000326
2.3315556000000015
11.067252800000006
4.123305200000004
3.4512665999999967
6.465784500000041
6.1197411999999645
3.9585305999999605
2.5022731999999905
3.5279147999999623
2.428699800000004
2.7614116999999965
12.402002100000004
3.7030991000000313
2.6087069999999812
3.5291429999999764
6.615667799999983
3.526924500000007
9.273802899999964
8.764712099999997
5.404359999999997
6.784776799999975
6.108615400000019
5.583835899999997
2.674362099999996
6.304853400000013
8.406015400000001
3.528484600000013
3.29852360000001
3.3572770000000105
10.800211399999966
8.244464900000025
2.5868379000000914
6.769042000000013
3.0173393000000033
4.464957200000072
3.36718929999995
6.4417495000000145
3.1053527999999915
3.538281799999936
5.833427000000029
7.112103499999989
2.8546954999999343
2.7670903000000635
2.9296702000000323
3.272954900000059
6.360126000000037
3.1186614000000645
1.6708502999999837
5.172638699999993
2.5038567000000285
5.667496200000073
4.221516299999962
3.6127970000000005
13.26382680000006
4.389774299999999
9.136105499999985
7.119331799999941
3.447942600000033
4.80677639999999
4.552742399999943
